138168339 5
36134224 5
19739126 26
155930120 12
18440301 3
44196397 4
245789728 3
783792992 3
15207668 4
833988769 5
14328072 3
17477864 6
20751145 4
1349087304233541633 3
381685461 3
1344356576786866176 9
1058807868 3
1278236816936710144 4
885891622919184384 5
2583166945 3
1252988129708929024 4
492736486 23
1113747629282930688 5
152656121 4
212445456 3
879147821915615233 3
153517357 7
532779460 3
60783724 3
52585436 4
41438148 3
14344823 8
108977933 3
1177718582 5
471426839 3
1305817131234267136 3
14362766 4
2876041031 3
198296897 3
300236092 3
898565402346827779 4
1573800344 10
48325671 4
45342709 3
424144191 3
130120037 3
2209106522 3
64698201 9
1891490382 3
435331179 4
1109045045649424386 3
3342600166 3
269794637 4
1029041185808109568 3
73397322 3
26562883 8
548384458 5
2245797112 5
20280088 3
159021888 3
16041234 3
43277776 4
2561429863 3
558818756 5
90679076 4
3140730672 3
368240745 3
239103376 4
1020602380096696320 3
477934944 3
742735530287304704 3
983813914596118529 6
1066773270773547008 3
36372343 3
19604599 14
342802864 3
4091551984 4
956266072440635392 14
977204844 6
970994516357472257 3
848148994102611969 6
879713479254528005 11
938758536938557440 8
945762498883588097 4
28785486 3
1005846500583321601 5
71048726 5
14298769 3
22956018 3
1237314642583658496 3
15678388 3
923799290 3
131546062 3
849376476877266944 3
15801906 5
203123011 3
949892499878719488 3
605153786 4
96152544 4
467726691 5
58974496 4
14247236 3
3832 7
807095 6
289548939 4
1236816024281976833 10
1096205507348623360 8
52770751 3
94350709 8
19980499 3
519897737 3
11134252 7
889054752230735872 5
728273994 8
1137827292 6
139328853 3
20052899 3
18178850 3
756584190112591872 12
2924933104 3
1349149096909668363 12
1176522535531360257 3
1094713876132872192 3
14260960 8
603724114 3
16635277 3
1393936924830732288 4
1462548977367359490 9
292891307 3
31194003 4
255369151 3
459872442 3
351120282 13
262219168 5
339724344 3
1238370241169616897 4
722528529716383744 3
2598999181 6
23937894 3
21365372 3
355422278 4
785563515897524229 3
113165445 9
1275209472 9
1391884924173627395 4
1221462414744596483 3
2316383071 3
86626845 3
1236324668640047105 18
343713611 6
1136667717317091328 4
7786612 3
818975124460335106 3
1201944151 3
2987245137 4
16799453 5
25268540 3
255812611 6
820452522494226433 3
978758798176382977 5
29459695 7
1307027256133345280 3
62859096 3
486834536 4
2962813893 10
90732175 15
18166778 5
499154896 4
262461547 4
225779417 7
1598709350 3
1384053916690571264 14
2352629311 6
1155845777039810560 4
1120633726478823425 5
51241574 4
242827267 3
15745368 3
20172153 3
1060751816 4
1640929196 3
1201953403099893760 3
282711900 3
1375592430624518156 3
1424033022 4
1488966025257312262 5
1077214808 3
2245822809 16
315779591 4
27493883 10
24931027 6
20995648 3
799717156589965312 7
175694557 3
80040960 4
1074480192 8
26637348 4
793520017 3
1201670995435646976 5
16106584 4
523411543 5
588688280 11
1449377648229195779 3
91583544 3
874916178 3
2234760798 3
21525682 9
1349418249172234241 3
1491238215256141825 3
1481658762221993984 3
3348628540 3
122640580 3
7768402 3
1341091420439015424 3
1387802155810271239 3
179313631 5
1255393579507351554 3
950261179536084992 3
39344374 3
90651198 10
834081571493785600 4
2467791 3
2800843867 9
816652616625168388 5
1271162030393896968 3
1104524508709441536 4
799911790398373888 5
105433445 5
80802900 4
22693817 3
237176284 8
1003107003693137921 6
2153626892 6
1080844782 5
1415344770130587649 3
117122035 4
27086850 3
1298372735383605249 4
2975091705 4
1498289437624647686 3
1903372854 3
24127811 3
151606599 5
58487473 6
1280478731874848769 3
454099919 5
39002335 5
22189368 3
47094621 3
429851351 3
428333 3
1917731 6
278145569 3
2332818674 3
4541535439 3
180887271 3
138203134 3
28221296 3
1259851956 3
2926204339 3
877968869138329601 5
935368364 3
878247600096509952 4
36711022 3
7587032 3
420617857 11
1367531 3
26347394 13
22277113 3
783214 3
19678937 4
3866705320 4
54391597 3
49698134 3
2809959174 10
1652541 10
182474563 3
142332083 5
409657315 6
1957610664 3
954005058793832448 4
1046608631968538624 4
216881337 3
2264401871 5
324703658 5
67805368 5
1260792878420291584 6
1108565574 4
16129920 3
