30
10
17
6
27
12
16
19
19
3
14
14
42
16
2
4
4
5
10
11
37
38
3
7
5
20
20
10
3
4
29
13
10
7
39
34
20
4
6
20
14
7
21
17
24
3
23
57
10
2
27
10
6
17
3
28
15
30
34
23
11
1
12
36
7
11
37
13
9
24
4
3
15
67
18
14
9
10
82
14
6
16
40
20
32
54
3
2
8
23
15
5
9
36
2
9
1
2
65
112
24
2
11
25
2
0
31
15
16
39
5
8
4
18
12
22
20
11
14
120
7
6
47
101
55
5
15
9
32
5
18
2
9
15
5
68
66
23
1
32
23
18
19
8
17
4
95
18
2
4
6
90
14
24
5
12
32
22
4
15
46
45
32
3
209
2
25
13
32
71
15
21
17
50
36
14
21
173
29
45
31
25
16
38
132
11
26
11
17
35
15
26
0
15
0
1
15
